70 21 16
133 81 41 147 174 133 88 103 164 134 47 130 147 184 158 85 122 80 68 150 140
5 3 1 2 1 1 4 5 4 4 5 5 1 5 3 5 5 2 5 1 4 1 2 5 3 3 3 5 2 3 2 4 3 2 2 4 4 4 2 3 2 4 5 3 2 5 4 5 2 1 2 4 4 3 4 3 4 4 2 5 1 1 1 5 1 2 4 2 4 3
31 20 13 39 38 34 28 24 34 31 11 31 30 37 40 21 40 16 21 38 34
48 47 40 20 49 41 24 21 23 40 16 52 10 58 1 60 26 23 20 60 56
30 29 31 66 61 18 42 36 37 35 47 50 47 56 54 31 31 32 68 6 65
51 50 11 54 37 35 29 30 44 14 51 24 47 29 51 9 26 30 56 26 39
41 40 29 25 43 31 14 9 17 29 16 44 9 50 11 48 14 11 26 48 50
42 40 9 49 40 26 23 22 34 13 41 29 38 35 42 19 17 21 51 23 43
0 1 49 66 77 16 49 40 25 52 33 70 38 77 47 58 37 35 66 36 82
4 4 49 68 78 16 51 42 28 53 37 71 41 77 50 58 38 37 69 34 83
78 77 29 51 16 62 37 45 64 26 66 8 60 1 59 29 44 47 53 56 12
53 51 13 55 37 37 31 32 46 15 53 24 49 28 52 7 28 32 57 26 39
47 46 3 40 31 32 15 17 34 5 39 23 34 29 37 23 14 18 42 33 35
51 50 23 21 30 39 5 11 29 21 29 32 22 38 20 42 16 16 22 50 37
17 16 32 51 60 6 32 23 14 36 24 53 26 60 34 45 20 18 52 30 65
22 21 32 44 57 13 27 18 7 34 17 52 18 59 27 47 16 13 45 36 62
46 45 25 67 53 32 41 40 47 29 56 40 54 44 60 17 34 37 69 12 55
62 60 16 34 15 47 17 25 44 12 46 13 40 19 39 30 25 29 36 48 21
50 49 39 17 46 42 22 21 25 39 18 50 12 56 4 59 26 24 17 60 53
46 45 3 42 33 30 16 18 34 6 39 24 35 31 38 22 14 18 44 31 37
25 23 25 53 55 9 30 23 23 29 33 46 33 52 40 34 18 19 55 20 59
67 66 49 7 44 59 31 34 42 47 35 53 29 58 20 68 40 38 5 75 51
24 23 35 67 66 15 44 38 35 40 45 56 46 61 54 38 32 33 69 12 70
45 44 22 24 36 33 6 6 23 22 24 35 17 42 18 42 11 11 26 46 42
55 54 42 13 45 47 24 24 30 41 23 51 17 56 8 62 30 28 13 65 52
65 64 45 4 41 56 28 31 40 43 34 49 28 54 19 64 37 35 2 72 48
41 39 25 65 54 27 40 37 43 29 52 42 51 47 57 21 31 34 67 8 57
72 71 30 27 10 58 24 33 52 26 51 21 44 24 40 43 35 37 29 62 17
34 33 33 32 51 27 21 13 9 34 9 50 6 56 14 51 16 12 32 47 57
78 77 32 36 2 63 30 40 59 28 59 17 52 18 49 42 41 44 38 64 8
23 22 34 42 57 17 28 18 4 36 13 54 16 60 24 50 18 14 43 39 63
72 70 37 15 23 59 24 32 48 34 45 34 38 37 32 54 36 37 17 68 29
17 16 33 50 60 7 31 22 13 36 23 54 25 60 33 46 19 17 51 31 65
56 54 14 30 21 41 10 18 38 10 40 19 34 25 33 31 19 22 33 45 27
41 40 10 38 36 26 13 11 27 12 32 30 28 36 31 28 7 11 40 32 41
22 21 33 63 63 11 40 33 30 37 40 53 41 59 49 37 28 29 65 14 67
29 28 28 37 50 19 21 11 9 30 15 47 13 54 21 45 11 8 38 39 56
31 29 18 49 48 15 25 20 25 22 34 40 32 46 38 29 14 16 51 21 53
61 60 17 31 16 47 15 24 43 13 45 15 39 21 37 32 25 28 34 49 21
40 38 21 61 51 25 35 33 40 25 48 39 47 44 52 19 27 30 63 11 53
37 36 33 71 63 26 46 42 44 37 54 50 54 55 61 29 36 38 73 1 65
51 50 28 17 34 40 10 13 28 26 26 37 19 43 15 47 19 18 18 53 41
54 53 31 74 55 41 48 48 56 34 65 41 63 44 68 16 42 45 76 19 56
13 12 40 53 66 12 37 27 12 43 21 60 25 67 34 53 25 23 53 36 71
35 34 36 31 53 29 23 16 10 37 6 52 3 59 12 55 19 16 32 49 59
28 26 22 44 49 14 22 14 16 25 25 43 23 50 30 37 9 9 45 29 54
73 72 25 52 19 58 35 42 60 22 64 6 58 5 58 23 40 44 54 50 17
47 45 13 55 41 31 30 30 41 16 49 29 46 34 50 12 25 28 57 21 44
33 31 19 53 49 17 29 24 30 23 38 39 37 45 43 26 18 21 55 17 53
68 67 23 59 31 53 38 43 60 22 65 16 60 17 62 13 40 44 62 41 30
34 33 31 68 61 22 43 39 41 35 50 49 50 55 57 29 33 35 70 2 64
33 32 16 46 45 18 21 16 24 19 32 37 30 43 35 29 10 13 47 25 49
47 45 11 53 39 31 28 28 40 14 47 27 44 33 48 13 23 27 55 23 42
28 27 21 51 51 12 27 21 24 25 33 42 32 49 39 32 15 17 52 21 55
66 65 39 5 32 55 22 28 41 36 37 41 30 45 23 57 33 33 7 67 39
53 52 32 75 57 40 49 48 56 35 65 43 63 46 68 18 43 46 77 17 58
63 62 31 13 25 51 16 24 40 28 37 32 30 37 25 49 28 29 16 61 32
76 74 35 25 13 62 27 36 54 31 52 26 45 29 40 49 39 41 27 67 20
49 48 24 21 33 37 6 10 27 22 26 34 20 40 18 43 15 15 22 49 39
14 13 38 63 68 7 42 34 26 42 36 59 39 65 47 45 30 29 64 22 72
71 70 31 23 14 58 22 31 50 27 48 25 41 28 37 46 35 36 25 63 21
19 19 43 48 66 20 36 27 8 45 14 63 19 69 28 58 27 23 49 44 72
24 22 28 44 54 12 25 16 11 31 20 49 20 55 28 43 13 11 45 33 59
57 56 45 13 47 50 27 27 32 43 25 53 19 58 10 64 33 31 12 67 54
76 75 32 33 4 62 28 37 57 27 57 18 50 20 46 42 39 42 35 63 11
23 22 28 45 54 11 25 17 12 31 21 48 22 55 30 42 14 12 46 31 59
10 10 44 68 74 12 48 40 29 48 39 65 42 72 51 51 35 35 69 26 78
34 33 40 34 57 30 28 20 10 41 2 57 5 63 13 58 23 19 34 52 64
14 13 41 52 66 14 37 28 11 44 20 62 24 68 33 55 26 23 53 39 72
72 71 28 30 7 58 24 33 52 24 52 18 46 21 42 40 35 38 33 60 14
25 24 35 41 57 19 27 18 2 37 11 54 13 60 22 51 18 14 41 41 63
38 37 30 69 60 26 44 40 44 34 53 47 52 52 59 26 34 36 71 3 62
35 34 43 35 59 31 30 23 11 44 1 59 7 66 14 61 26 22 35 54 66
0 1 5 27
1 5 32
2 6 7 9 11 15 16 17 27
3 14 18 39
4 11 13 20 31
5 8 16 17 36
6 7 9 14 16 17 37
7 8 9 10 12 14 16 17 40
8 10 12 14 16 17 39
9 11 15 16 17 35
10 12 14 17 39
11 13 20 21
12 14 16 17 25
13 20 37
14 17 18 31
16 17 36
