60 12 7
64 103 108 88 170 141 127 99 61 119 46 41
2 1 3 3 1 4 5 1 2 5 1 4 1 2 4 4 4 1 4 1 4 3 1 5 2 4 2 2 1 5 5 3 5 3 3 1 5 4 5 5 1 2 2 1 2 4 3 3 4 5 2 2 2 3 4 5 4 4 2 3
15 27 29 27 39 30 30 26 18 29 10 13
17 48 31 45 17 40 44 47 36 48 34 35
32 58 66 52 51 39 9 42 24 16 44 69
36 16 33 10 26 4 33 9 19 29 6 33
15 39 27 35 11 29 36 37 26 39 23 31
30 20 29 15 19 9 33 16 18 30 3 30
45 7 31 1 29 13 43 12 28 38 11 30
58 26 55 24 51 24 43 16 34 35 31 54
38 24 8 24 12 28 51 33 37 50 19 9
45 25 6 26 19 33 58 37 44 56 24 4
32 19 20 16 13 16 40 22 25 38 7 22
46 6 25 7 26 18 48 19 33 44 14 24
43 36 56 30 45 20 21 18 17 13 28 56
31 21 33 15 23 5 30 13 15 27 6 34
13 51 35 47 21 40 41 48 35 46 35 39
20 50 30 47 18 42 47 50 39 51 35 34
38 20 39 14 31 3 30 5 16 24 12 39
18 33 27 29 11 22 33 30 21 34 17 30
36 17 18 15 15 18 44 23 29 42 9 18
49 3 27 7 30 20 50 20 35 45 16 26
26 25 33 20 21 9 27 17 12 25 9 34
35 25 10 25 9 27 49 33 35 48 18 12
45 28 51 23 43 15 28 11 20 20 24 51
21 57 37 54 25 48 50 56 43 54 42 41
39 26 46 21 37 10 25 9 15 19 19 47
24 64 45 61 33 55 52 62 48 58 49 49
30 25 38 19 27 6 24 13 10 21 12 39
15 37 38 32 22 21 22 28 12 24 20 40
23 41 22 39 9 36 47 43 36 49 28 25
20 52 56 47 40 34 11 39 18 19 37 59
25 51 58 45 42 31 4 36 16 13 36 60
25 55 61 49 45 36 9 41 20 17 40 63
13 55 39 51 25 44 42 51 37 47 39 43
24 44 23 42 12 39 48 46 38 51 31 27
18 50 53 44 37 31 11 37 16 18 34 56
53 13 42 11 40 17 44 11 32 38 21 41
10 51 37 47 22 39 38 47 33 43 35 41
51 23 12 26 25 35 62 38 47 59 27 8
34 25 11 24 8 26 48 32 34 47 17 13
26 25 23 21 11 17 36 24 22 35 9 25
38 37 9 37 14 39 58 45 45 58 30 12
12 38 35 33 19 23 25 31 16 28 21 38
23 51 30 49 19 44 50 52 42 54 37 34
34 29 45 23 34 10 21 12 9 16 18 46
37 38 10 38 13 40 57 46 45 58 31 14
9 59 48 54 32 44 35 52 34 42 42 52
32 38 52 32 39 19 12 22 8 6 26 53
25 58 62 52 47 39 11 44 23 20 43 65
38 18 37 12 30 2 31 6 17 26 10 37
15 56 40 53 26 46 44 53 39 49 41 44
16 58 42 55 28 47 45 55 40 50 42 46
26 25 23 21 11 17 36 24 22 35 9 25
44 16 40 11 35 9 36 2 23 30 15 40
49 30 54 25 46 19 31 13 24 23 27 54
51 25 10 28 24 36 63 40 48 61 28 6
14 36 32 32 16 23 29 31 18 31 19 35
26 34 44 28 31 15 16 20 1 14 20 46
30 26 15 24 6 24 43 30 30 43 15 18
51 25 51 21 46 18 36 11 27 28 26 51
42 13 35 7 30 7 37 6 23 31 11 35
36 30 48 25 37 13 20 13 11 14 21 49
1 3 5 7 10 23
2 4 11 26
3 5 7 10 23
5 7 8 10 22
6 8 9 25
7 10 29
8 9 30
