60 12 7
108 84 99 90 74 135 144 118 58 155 133 117
4 2 4 4 5 4 2 4 2 4 3 5 3 2 3 3 1 2 4 2 1 3 3 2 3 4 5 1 3 2 1 1 5 5 4 3 2 4 4 3 5 3 4 4 3 3 1 2 2 5 3 1 4 3 2 1 1 3 4 5
32 28 20 18 15 39 30 24 14 31 30 39
62 47 30 24 31 47 43 30 40 24 48 18
39 24 10 35 11 28 23 9 17 16 28 11
47 36 31 32 33 10 41 31 26 15 13 35
58 44 27 36 26 51 37 26 39 31 52 14
50 38 30 26 32 16 41 30 28 9 19 32
33 29 35 54 37 12 38 36 23 34 9 45
64 50 34 15 35 43 47 33 42 19 45 24
11 5 22 62 22 32 14 23 13 40 29 35
19 17 29 60 30 22 27 30 16 38 19 41
52 44 44 43 46 12 51 44 36 30 15 50
53 39 23 22 24 34 37 23 30 11 36 16
51 38 28 23 30 20 40 28 28 5 22 28
34 20 9 38 11 24 21 9 11 18 23 17
55 43 29 51 27 59 34 28 42 43 59 20
46 33 18 45 17 49 25 17 31 34 48 10
27 15 10 54 9 40 6 10 17 36 38 19
36 30 34 49 36 7 38 35 23 30 4 43
64 50 35 11 36 40 48 34 41 16 42 27
32 20 10 52 8 43 11 10 21 35 41 16
49 34 17 35 17 42 29 16 29 24 42 4
7 10 27 66 27 34 19 28 17 45 31 40
58 45 30 46 29 59 37 29 43 40 59 19
53 39 23 39 22 50 33 22 35 31 50 10
59 47 38 21 40 23 50 38 37 14 26 38
49 35 24 23 25 23 36 23 25 2 25 22
36 22 6 43 5 38 17 5 19 27 37 8
13 7 22 60 23 28 17 23 11 38 25 35
30 25 32 54 34 13 35 33 21 34 9 43
23 17 25 54 27 18 26 26 13 33 14 37
39 25 8 40 8 37 20 7 20 24 36 5
11 5 21 61 22 31 15 22 12 40 28 35
42 27 10 36 11 35 23 9 21 20 35 5
62 50 43 25 45 23 54 43 41 19 27 43
54 48 49 48 51 17 56 49 40 35 19 55
33 29 36 55 38 13 38 37 24 35 9 46
52 43 41 39 43 11 50 42 34 26 15 46
31 26 33 53 35 12 36 34 21 34 9 43
55 43 30 53 28 61 34 29 42 45 60 21
50 37 24 49 22 54 29 23 36 39 54 15
61 46 30 26 30 47 42 29 40 25 49 17
51 37 26 22 28 23 39 26 28 1 25 25
52 46 47 47 49 14 53 47 38 34 16 53
57 42 25 30 25 46 37 24 36 25 47 13
45 34 23 54 21 55 25 22 34 42 54 18
39 32 34 47 36 4 40 35 24 28 3 42
40 27 19 33 22 16 30 20 17 12 17 24
50 44 46 49 48 14 52 47 37 35 15 53
50 36 20 39 19 47 30 19 32 30 47 8
42 37 41 52 43 10 46 42 31 34 10 50
40 27 18 32 20 18 30 18 17 11 19 22
14 4 17 60 17 36 7 18 13 40 33 30
62 49 37 13 39 29 50 37 39 12 32 34
60 45 31 13 32 35 45 31 36 11 37 24
61 46 29 29 29 49 41 28 40 27 50 17
34 29 35 52 37 10 38 36 23 33 7 45
49 37 24 51 22 55 28 23 36 40 54 17
27 15 9 53 8 39 6 9 16 35 38 19
39 26 18 34 21 17 29 19 16 12 17 23
39 31 33 45 35 2 39 33 23 26 2 41
56 43 32 17 34 25 45 32 33 6 28 30
0 1 29
1 2 4 6 7 8 38
2 4 6 7 8 11 39
4 6 7 8 11 30
5 10 22
6 7 8 33
7 8 11 34
