60 18 13
183 41 45 115 88 44 49 89 94 111 95 95 82 73 36 42 136 68
2 5 5 2 2 2 1 1 3 5 4 4 2 4 3 5 3 1 3 4 3 2 5 4 2 1 1 3 3 4 1 1 5 2 2 1 4 5 3 5 3 5 3 2 2 1 5 3 1 5 2 2 5 5 3 1 1 4 4 1
40 12 12 26 22 13 16 22 22 24 22 27 24 22 12 10 39 21
24 29 43 48 38 16 48 32 37 47 41 8 19 46 12 25 41 26
41 71 62 36 21 43 61 37 73 25 16 49 38 26 45 46 24 42
12 35 22 13 20 35 23 4 35 17 28 32 24 16 25 46 16 10
8 24 26 30 27 24 31 15 28 32 33 18 16 31 12 35 27 8
6 26 21 24 25 29 25 10 27 27 32 24 19 26 17 40 24 4
30 51 57 47 29 9 60 35 57 42 26 17 16 41 20 8 34 32
21 34 14 15 30 45 13 16 31 24 39 42 35 23 35 57 25 19
19 43 27 5 18 40 26 10 42 11 27 39 29 10 32 50 13 17
5 26 22 24 24 28 26 9 28 27 31 23 18 26 16 39 23 4
23 17 33 45 41 27 39 30 25 47 46 18 25 46 17 36 42 23
8 38 32 20 12 24 34 7 40 18 19 24 14 17 17 35 12 9
19 34 42 42 30 9 47 26 40 40 32 2 10 39 5 20 33 21
20 37 18 11 26 43 17 13 35 19 35 41 33 19 33 54 21 18
24 32 10 19 34 48 8 19 28 28 43 43 38 28 36 59 30 21
15 36 41 37 24 9 45 22 42 34 26 8 4 33 4 21 27 17
20 27 39 43 35 16 44 28 34 43 38 7 16 42 9 26 37 21
6 24 23 27 26 27 27 12 27 29 33 21 18 28 15 38 26 6
21 15 30 43 40 28 36 28 22 45 45 19 25 44 17 38 41 22
33 11 34 53 52 38 40 39 19 56 57 30 37 55 29 48 52 33
23 17 8 32 41 44 14 24 13 39 49 37 36 38 32 56 38 22
17 18 12 29 36 38 18 19 17 35 43 32 30 34 26 50 33 16
14 18 26 36 34 26 32 21 23 38 40 18 21 37 14 37 34 15
21 41 23 6 23 43 21 13 39 15 32 41 33 15 34 54 18 19
22 33 44 45 34 11 49 30 40 44 36 2 14 43 9 20 37 24
12 19 24 33 32 27 29 19 23 36 38 20 21 35 15 39 32 12
28 46 24 9 29 51 21 21 42 19 38 49 40 19 42 62 24 26
25 55 50 32 11 23 52 25 58 24 5 29 18 23 26 28 17 27
5 34 27 19 16 27 29 4 36 19 24 25 16 18 18 38 15 4
6 36 33 25 16 20 36 11 39 23 21 19 9 22 12 31 17 8
9 39 31 18 11 26 33 6 41 16 19 26 16 15 19 37 11 9
21 50 47 31 11 19 49 22 54 24 9 24 13 23 21 25 17 23
28 54 55 41 21 15 58 31 59 34 16 23 16 33 23 17 27 30
26 35 48 50 38 12 53 34 43 48 39 6 18 47 13 19 41 28
37 47 60 59 44 16 65 44 54 56 43 16 25 55 23 13 49 39
6 36 33 24 15 21 36 10 39 22 21 20 10 21 13 31 16 8
24 39 19 11 29 48 16 17 36 21 38 45 37 21 38 59 24 22
29 54 37 8 20 47 34 21 53 7 27 48 37 8 41 56 14 28
17 16 28 39 37 27 33 25 22 41 42 19 23 41 16 38 37 18
33 52 30 11 31 55 26 25 48 19 39 54 44 19 47 65 25 31
32 60 44 15 17 46 42 25 59 8 22 48 36 9 42 54 13 31
30 44 55 52 37 8 59 38 51 48 36 11 18 48 17 10 41 33
24 54 49 31 10 23 51 24 57 23 5 29 17 22 25 28 16 26
17 48 42 24 5 24 43 16 50 17 9 27 15 16 22 32 10 18
40 51 64 62 46 17 69 48 59 58 44 20 28 57 27 11 51 42
11 42 35 21 9 24 37 10 44 16 16 25 14 16 19 34 10 12
6 32 23 18 20 30 25 4 33 21 28 27 20 20 20 41 18 4
19 42 25 5 20 41 24 11 40 13 29 40 30 12 33 52 15 18
14 44 39 24 8 22 41 14 47 19 13 24 12 18 18 31 12 15
29 7 29 48 49 38 35 35 15 52 54 29 35 51 27 48 48 29
13 20 27 35 32 24 33 20 25 37 37 17 18 36 12 35 32 13
7 34 25 16 17 30 27 1 35 18 25 28 19 17 21 41 15 6
24 36 47 47 34 8 51 31 43 44 35 3 14 43 10 17 37 26
35 50 27 14 35 57 22 27 46 24 43 55 47 24 48 68 29 33
14 42 30 11 12 33 30 7 42 10 21 33 22 9 26 43 8 13
10 35 37 32 20 14 40 17 40 29 24 12 4 28 6 25 23 13
29 51 31 6 26 50 28 21 48 14 34 50 40 14 43 60 20 28
14 44 40 26 10 19 42 15 47 21 13 22 10 20 17 28 14 16
16 31 39 40 29 12 44 24 37 38 32 5 10 37 3 23 32 18
34 64 56 32 15 36 57 31 67 22 8 41 30 22 38 39 18 35
28 56 55 38 18 20 57 30 61 31 12 27 18 30 26 22 24 30
0 7 12 14 17 38
1 8 30
2 6 8 31
3 7 9 13 16 36
4 7 9 10 13 16 21
5 11 12 14 15 30
7 9 13 16 17 21
9 13 16 23
10 16 28
11 12 14 15 21
12 14 17 28
13 16 32
14 17 24
