70 21 17
170 122 54 144 63 80 48 98 47 124 125 105 68 73 58 74 67 75 76 103 120
2 3 4 1 3 4 2 1 4 5 4 2 4 5 2 3 4 2 4 4 5 4 1 1 5 5 5 1 2 1 3 5 5 5 3 5 1 5 4 3 2 3 3 4 4 1 2 3 1 4 4 4 5 1 5 2 5 3 4 5 2 1 4 1 1 5 3 1 3 4
37 31 17 38 14 20 11 32 10 26 27 32 18 20 19 15 19 20 24 28 35
14 43 19 63 43 59 27 52 58 46 62 26 55 55 51 27 22 49 60 16 12
45 70 45 86 65 80 23 29 69 74 51 55 37 41 52 12 26 20 80 37 28
28 11 23 23 2 17 40 53 19 14 45 17 49 44 28 53 37 58 18 30 49
21 49 22 68 47 62 16 41 57 52 54 32 45 46 47 14 13 36 63 15 5
48 18 44 5 21 10 64 76 28 15 63 35 70 65 47 76 60 81 13 52 70
17 46 21 66 46 61 25 51 59 49 62 29 54 54 52 24 21 46 63 16 9
4 31 5 50 30 46 22 46 43 35 51 14 47 45 39 30 17 45 47 5 21
19 17 14 33 12 27 31 47 25 21 43 11 44 40 27 44 28 50 28 20 39
45 61 42 72 54 66 20 6 52 65 27 50 13 17 32 26 25 7 65 36 40
18 12 15 31 11 26 36 54 29 16 50 7 51 47 34 47 32 56 28 22 41
37 42 31 51 34 44 23 22 30 46 18 36 17 13 10 37 25 29 43 30 43
31 47 27 59 40 53 10 19 41 50 29 35 20 20 24 23 13 21 52 22 31
45 15 41 5 18 7 60 72 25 13 60 33 66 61 43 73 57 77 11 48 67
46 64 43 77 57 70 20 10 57 68 33 52 19 23 37 23 25 3 69 37 38
45 19 41 9 16 3 56 65 15 19 51 34 59 53 35 70 54 71 1 47 66
14 40 13 58 37 52 13 38 47 43 48 23 40 40 38 20 8 36 53 6 15
46 49 40 55 40 48 31 22 31 52 9 45 13 8 11 44 33 30 46 39 52
48 61 44 71 53 65 24 2 50 65 22 52 8 13 29 32 29 11 63 39 45
18 12 15 31 11 26 36 54 29 16 50 7 51 47 34 47 32 56 28 22 41
49 51 44 56 42 49 35 23 32 54 5 48 14 9 12 47 37 33 47 42 55
36 32 30 38 23 31 33 36 16 35 24 31 30 24 7 47 32 42 30 32 49
16 44 17 62 41 57 15 40 52 47 51 27 43 43 42 17 11 37 58 10 10
11 36 10 54 33 49 15 39 44 40 47 20 41 39 36 23 10 38 50 2 18
30 43 25 56 36 50 12 21 38 47 27 33 21 19 21 26 14 24 49 21 33
23 46 29 66 49 63 43 68 66 48 76 31 70 69 64 42 38 65 65 29 26
52 75 51 90 69 83 27 26 72 79 49 61 35 39 53 20 32 16 83 43 36
34 45 30 55 37 49 18 19 35 48 21 36 16 14 16 31 20 24 48 27 38
30 31 24 41 23 34 26 33 22 35 27 27 28 24 11 40 25 38 33 25 42
47 71 47 86 65 79 23 24 68 74 47 56 33 37 49 16 27 15 79 39 32
34 5 31 17 13 16 53 68 29 1 60 22 64 60 43 64 49 72 19 39 57
18 41 24 61 44 58 39 64 61 43 72 26 66 65 59 40 34 61 60 24 25
34 51 31 64 45 58 10 16 46 55 30 40 19 20 28 21 14 16 57 25 31
61 56 55 55 47 49 49 37 31 58 13 57 28 23 20 62 51 47 46 55 70
3 32 9 52 32 48 27 51 47 35 57 15 52 51 44 33 22 50 49 10 21
47 61 43 72 54 65 22 4 51 65 25 51 11 15 31 29 27 9 64 38 42
47 17 43 6 21 10 63 75 28 14 63 35 70 65 47 75 60 80 13 51 69
45 34 39 34 25 27 44 44 9 36 27 38 36 31 13 58 43 52 25 42 60
38 62 37 78 57 72 15 27 62 66 47 47 34 37 46 6 18 19 72 30 23
26 47 24 62 41 56 2 25 46 50 37 33 28 28 31 16 5 23 55 17 23
61 60 56 62 51 55 46 30 37 63 8 59 21 17 22 58 49 40 52 54 67
12 40 18 60 41 56 31 56 57 43 64 23 58 57 52 32 26 53 58 17 17
36 57 34 71 50 64 10 18 53 60 36 43 24 26 35 15 15 13 64 27 28
30 49 27 64 43 57 5 21 47 53 34 36 24 25 30 17 9 19 57 21 26
29 1 26 21 9 18 47 63 28 4 56 17 60 55 39 59 43 67 21 33 51
45 28 40 24 20 18 49 52 1 29 36 36 45 40 21 63 47 60 15 44 63
20 48 25 68 49 64 32 58 64 51 69 31 61 61 58 30 28 53 66 22 14
12 41 17 61 41 57 27 52 56 44 62 24 55 54 50 28 22 49 58 14 14
32 58 32 75 54 69 12 30 60 62 48 42 37 39 45 2 14 24 69 24 17
18 47 22 67 46 62 23 48 59 51 60 30 52 52 51 21 19 44 63 16 6
30 5 26 19 4 15 45 59 22 8 51 18 55 50 34 58 42 64 17 33 52
25 30 19 42 23 36 22 33 26 34 30 23 30 26 16 36 20 37 36 20 37
43 19 38 14 14 7 52 60 11 20 46 32 54 49 30 66 50 67 5 44 64
14 33 10 50 29 44 15 36 38 37 41 19 36 34 30 26 11 36 45 6 24
45 43 40 47 34 41 35 30 23 46 13 42 22 16 4 49 36 38 38 40 55
4 28 9 48 29 44 30 54 45 31 58 11 54 52 44 37 25 53 46 13 25
26 17 21 28 9 22 35 47 18 20 39 18 43 38 23 48 32 52 22 26 46
42 62 40 75 55 69 16 14 56 65 35 49 22 25 37 18 21 7 68 33 33
5 29 10 49 30 45 31 55 46 32 59 12 55 53 45 37 26 54 47 14 25
42 27 37 26 18 19 46 50 2 29 34 34 43 37 19 60 44 57 17 41 60
37 43 32 52 35 45 24 22 30 47 17 37 16 12 11 37 25 28 44 30 44
28 42 23 55 35 49 11 23 38 46 29 31 23 21 22 25 12 25 48 19 31
27 46 24 60 40 54 5 23 43 49 34 33 25 25 28 19 8 22 54 18 26
36 63 37 81 60 75 20 37 67 67 56 47 44 46 53 6 21 30 76 29 15
15 31 19 51 35 48 40 64 53 33 68 17 65 63 54 45 35 63 51 23 31
40 35 35 38 25 32 36 37 15 37 22 35 30 24 6 50 36 44 30 36 54
25 39 21 52 32 46 12 26 35 42 30 28 25 23 21 27 12 28 46 17 31
37 46 32 56 38 50 19 17 35 50 19 38 14 12 16 32 22 23 48 29 40
53 60 48 66 51 60 33 14 43 63 10 54 5 5 22 43 37 24 58 45 55
22 51 26 71 51 66 28 53 64 54 66 34 57 57 56 25 25 48 68 21 8
44 59 40 70 51 63 19 6 49 62 25 48 12 15 29 27 24 10 62 35 40
0 2 11 16 19 20 34
1 3 4 5 9 11 18 22
2 11 16 19 32
3 4 5 9 18 35
4 5 8 9 11 18 39
5 8 9 18 23
6 15 16 17 19 20 30
7 12 13 17 29
8 14 18 20
9 11 18 27
10 12 13 14 22
11 19 27
12 13 17 34
13 14 29
15 16 20 39
16 19 20 32
19 20 27
