70 14 8
68 45 158 38 51 83 152 103 128 85 94 135 37 85
1 2 5 3 5 2 2 3 2 4 5 5 5 3 2 1 5 3 5 1 1 1 4 3 1 1 5 2 4 5 3 4 3 5 2 3 3 2 2 3 3 4 3 5 1 2 3 4 3 3 4 3 4 3 5 2 1 3 5 4 4 2 1 3 3 1 3 4 2 3
17 11 36 12 17 21 37 30 32 23 27 31 12 21
41 38 25 4 49 9 37 19 48 49 19 38 11 19
55 57 25 24 65 29 40 30 64 68 36 49 31 23
40 16 56 37 32 33 58 43 33 15 30 45 31 50
11 23 25 27 62 28 22 14 62 51 38 62 23 49
32 14 59 47 50 44 56 46 52 31 46 64 40 65
27 10 39 23 41 20 42 26 42 30 24 46 16 42
30 8 44 28 39 24 46 31 40 26 26 46 21 45
71 55 62 38 26 35 74 55 24 41 23 2 39 24
54 49 32 17 51 19 46 30 50 56 23 35 23 10
39 14 56 38 34 34 58 43 35 16 31 47 31 52
50 31 50 25 22 20 58 39 22 24 9 23 22 29
34 13 59 45 46 42 57 46 48 27 42 60 38 62
31 8 46 29 38 25 48 33 39 24 27 46 22 46
49 25 62 41 23 36 66 49 25 6 30 40 35 50
35 12 57 42 41 38 57 44 43 23 38 55 35 58
65 52 50 28 36 26 63 45 34 47 19 15 31 11
51 39 40 15 35 13 51 32 34 40 7 23 17 13
20 12 34 24 49 22 35 21 50 38 29 52 17 44
21 33 14 24 66 26 14 6 66 58 39 62 23 44
36 42 10 16 63 21 23 11 62 60 33 53 20 32
66 63 41 30 58 32 56 42 57 66 34 38 37 14
50 26 62 40 21 36 67 50 23 5 29 38 35 49
68 57 52 31 39 30 66 48 37 51 23 17 35 11
48 31 45 20 27 15 54 35 26 28 4 24 18 25
25 11 36 22 44 19 39 23 45 33 25 47 15 41
69 50 65 39 16 35 75 56 14 32 23 8 39 31
35 33 21 4 50 9 32 13 50 48 21 43 8 25
59 36 67 43 11 38 73 55 13 9 28 31 39 47
24 17 30 17 47 15 34 17 47 38 24 47 10 38
75 54 74 49 11 44 84 65 9 31 32 16 48 41
49 30 50 25 21 21 58 39 22 22 10 24 22 30
72 72 43 38 70 42 58 47 68 77 45 49 45 25
32 18 36 17 38 13 42 24 39 31 17 40 10 34
61 43 57 32 18 28 67 48 17 30 15 11 31 26
48 41 33 10 43 11 45 27 43 46 14 31 16 12
12 14 35 30 56 29 32 23 57 43 37 60 24 52
1 26 33 38 69 38 25 25 70 56 48 72 33 60
69 51 63 37 20 34 74 55 18 36 22 4 38 27
23 46 24 43 84 46 9 26 85 74 58 81 42 63
46 25 51 27 23 22 57 39 23 19 14 29 23 35
40 24 68 57 54 53 65 55 56 34 54 70 50 73
41 21 67 53 47 49 65 54 49 27 48 63 46 68
44 52 10 25 71 30 25 20 71 70 41 59 30 35
35 39 12 13 60 18 25 9 60 57 30 51 17 30
53 41 42 17 34 15 53 35 33 40 8 21 20 13
69 58 53 32 40 31 66 49 39 52 24 18 36 11
76 56 71 45 18 42 81 62 16 37 29 9 45 35
30 16 59 49 55 46 55 46 56 36 49 67 42 68
33 42 6 20 66 24 19 9 66 62 37 57 23 36
63 47 55 30 24 27 67 48 23 36 15 8 31 21
28 38 8 20 65 24 17 5 65 60 36 58 21 39
65 47 61 36 16 32 71 52 15 31 19 9 35 29
64 55 45 26 44 26 59 42 43 54 23 24 31 4
42 47 13 18 64 23 27 17 64 63 34 52 23 29
62 59 37 26 57 29 52 38 55 64 31 37 33 12
13 16 31 27 56 26 29 19 57 44 35 58 21 48
71 70 43 37 67 40 58 47 65 75 42 46 44 22
39 20 44 22 30 17 50 32 31 24 14 34 16 34
15 11 43 37 57 35 38 31 58 42 42 64 31 58
20 24 22 18 56 19 24 9 56 48 31 54 14 40
3 28 33 39 71 40 24 25 72 58 50 73 35 61
20 13 50 43 58 41 45 38 59 41 46 67 37 64
39 20 65 52 49 49 63 53 51 29 49 65 45 69
50 42 35 12 41 12 48 30 40 45 13 28 17 10
56 38 54 28 19 24 63 44 18 27 11 16 27 27
57 40 52 27 22 23 62 43 21 30 10 14 26 23
69 69 39 36 70 40 54 44 69 77 44 50 43 25
60 46 50 25 29 22 61 42 28 39 12 13 27 15
24 43 16 36 78 39 2 18 79 70 52 74 35 55
4 25 30 35 67 36 23 22 68 55 46 69 31 57
2 6 7 30
3 5 7 10 12 13 29
4 8 9 38
5 7 10 12 13 21
6 7 39
7 12 38
8 9 11 40
10 11 12 13 25
