70 21 17
167 175 95 110 63 171 116 58 91 90 145 106 50 35 64 84 127 127 54 173 157
4 1 4 5 4 2 3 4 2 3 3 3 4 1 1 4 2 1 5 1 4 1 3 5 1 3 1 2 5 1 3 2 2 4 4 5 2 4 4 2 1 2 5 2 1 2 2 4 5 4 4 3 4 2 3 3 5 1 5 4 1 1 3 3 4 4 5 2 3 1
39 39 19 27 17 40 33 12 22 18 35 25 11 11 15 17 28 34 11 37 36
21 42 51 67 21 30 31 61 34 39 42 53 73 49 41 25 32 40 35 52 58
59 23 30 30 46 39 39 25 48 48 23 22 33 23 24 60 57 25 34 13 16
32 39 12 66 45 46 21 59 59 62 38 20 27 19 27 63 23 28 45 32 50
32 21 10 48 32 30 13 41 43 45 20 10 31 6 9 50 29 10 28 16 32
29 16 33 42 9 8 18 35 21 24 15 32 53 28 17 26 34 16 10 26 31
12 43 46 70 25 33 26 63 40 45 42 49 67 45 39 33 23 38 38 50 59
49 37 62 47 22 23 46 43 11 13 37 59 81 56 45 8 58 43 26 51 45
48 22 17 40 42 36 29 34 48 49 21 9 25 11 16 58 45 17 33 8 24
14 34 23 64 31 34 9 56 46 50 33 28 44 25 24 47 10 24 36 34 49
39 6 34 32 17 9 25 25 21 22 7 29 51 26 15 31 43 14 5 20 20
47 43 14 65 56 54 33 59 67 69 42 19 11 21 32 74 39 34 52 31 49
25 16 25 46 17 16 10 39 30 33 16 24 45 20 11 35 28 10 17 22 32
41 44 14 68 54 53 30 62 66 69 43 21 19 22 32 71 33 34 52 34 52
48 45 16 67 57 55 34 61 69 71 44 21 12 23 34 75 39 35 54 33 51
51 41 66 51 25 27 50 47 15 17 42 64 86 60 49 9 60 47 30 55 50
33 9 28 38 17 12 18 31 25 27 8 25 47 21 10 33 36 8 10 18 24
34 17 39 40 6 3 25 34 15 18 17 37 59 33 22 21 39 21 8 30 31
47 29 12 48 46 42 29 42 54 55 28 6 17 10 20 63 42 22 39 15 32
47 16 45 29 18 10 35 23 11 11 17 41 62 38 27 25 52 26 8 30 23
62 25 33 28 48 40 43 24 49 48 25 25 36 27 27 62 60 28 36 16 16
53 44 17 63 59 56 38 58 69 70 43 19 5 23 34 76 45 35 54 31 48
43 28 53 41 14 13 38 36 4 8 28 50 72 47 35 11 51 34 17 42 37
30 21 40 45 2 7 24 38 16 20 21 39 61 35 24 19 37 23 12 33 35
57 16 43 14 33 24 41 7 28 26 17 36 55 35 27 42 59 26 19 23 8
24 37 50 61 15 24 30 55 27 32 37 51 71 46 37 19 34 36 29 48 52
18 25 32 53 13 18 13 46 29 33 24 33 54 29 21 30 24 20 21 32 40
27 23 13 52 30 29 8 45 43 45 22 15 34 11 12 48 24 12 29 21 36
29 17 35 43 7 7 20 36 19 23 17 34 56 30 19 24 35 18 11 29 32
10 41 30 71 35 40 16 64 51 55 40 35 49 32 32 50 2 32 42 42 56
30 18 37 43 5 7 21 37 18 22 18 35 57 31 21 23 35 19 11 30 33
61 20 47 10 37 28 45 3 30 27 21 40 58 39 31 44 64 31 23 27 10
55 16 32 23 39 31 37 17 40 38 16 25 41 25 21 52 55 21 26 12 8
28 26 9 54 33 33 11 47 46 49 25 14 31 10 14 51 24 15 32 21 38
12 52 42 82 41 48 28 75 57 62 52 48 61 45 44 53 11 44 51 55 68
47 11 41 25 21 13 33 18 18 17 12 35 56 33 22 31 51 21 8 24 17
4 45 37 74 34 40 21 67 50 54 44 42 57 39 37 46 8 36 43 48 60
44 18 46 32 16 8 34 26 9 9 18 42 63 39 27 22 50 26 8 32 26
43 12 20 35 32 26 24 28 38 39 11 13 34 12 9 48 42 9 23 3 19
29 28 8 56 36 35 13 49 48 51 27 13 29 11 16 53 24 17 34 22 40
22 36 47 61 14 23 27 54 28 33 36 48 68 44 35 21 31 34 28 46 51
48 12 25 29 34 27 29 23 38 38 11 18 37 17 14 49 47 14 23 5 13
47 32 57 43 18 18 42 38 5 8 32 54 76 51 40 10 55 38 21 46 40
40 4 26 33 24 18 22 25 30 31 3 21 42 18 8 40 41 7 14 11 18
36 16 13 43 31 28 17 36 41 42 16 9 31 6 6 49 34 7 25 10 27
29 33 49 55 10 18 30 49 20 25 33 49 70 45 35 13 38 34 24 45 47
54 27 56 30 25 19 45 26 10 5 28 51 73 49 38 23 61 36 18 41 30
53 47 19 67 61 58 39 62 72 73 46 22 8 25 37 78 44 38 56 34 52
62 23 51 10 36 28 48 7 28 24 24 44 63 43 35 42 66 34 23 31 15
27 35 50 58 12 21 30 51 23 28 35 50 71 46 36 15 37 35 26 47 49
72 31 54 3 48 39 55 9 41 37 31 47 62 47 41 55 74 40 35 34 16
40 9 37 31 16 7 27 24 17 18 10 33 55 30 19 28 45 17 2 24 21
68 27 44 15 49 40 50 14 45 43 27 36 49 37 34 59 68 34 35 25 11
51 11 40 20 27 18 36 13 24 22 12 34 54 32 23 37 54 22 13 22 11
34 20 42 42 4 5 26 36 13 17 20 40 62 36 25 18 40 24 10 33 34
33 26 47 47 5 11 30 41 13 18 26 45 67 41 31 13 41 29 16 39 39
47 22 50 32 18 12 38 27 6 5 23 46 68 43 32 20 54 30 12 36 29
52 20 23 34 42 35 33 29 46 46 20 15 29 16 18 57 50 19 31 7 19
32 24 7 51 35 33 14 44 46 48 23 9 28 6 12 52 28 13 31 17 35
32 11 30 39 14 9 18 32 23 25 10 28 50 24 13 30 35 11 9 22 26
68 27 44 15 49 40 50 14 45 43 27 36 49 37 34 59 68 34 35 25 11
10 51 47 80 36 44 30 73 52 56 51 52 67 48 45 45 18 44 48 56 67
10 50 47 78 34 42 29 71 50 55 49 52 67 48 44 43 18 43 46 55 66
13 29 31 58 19 24 10 51 35 39 28 33 52 29 23 35 18 22 27 34 45
52 41 16 60 57 54 36 55 67 68 40 17 5 21 32 75 45 33 51 28 45
10 49 38 79 40 46 25 72 56 60 48 44 57 41 40 52 7 40 48 51 64
39 17 13 42 34 30 20 35 43 44 17 7 29 5 8 51 37 9 27 8 26
57 49 22 68 64 61 42 62 74 75 48 24 5 28 39 81 48 40 59 36 52
13 31 24 61 27 30 6 54 42 46 30 28 45 25 22 43 13 22 32 33 46
59 21 50 15 33 24 45 10 24 20 22 44 63 42 33 38 63 32 20 31 16
19 39 22 68 38 41 15 61 54 57 38 28 40 26 28 55 10 29 42 37 53
0 6 16 29
1 4 5 7 10 13 14 17 18 19 20 35
2 6 11 12 13 14 17 19 21
3 7 20 24
4 5 8 9 10 15 18 38
5 8 9 10 14 15 17 18 21
6 11 13 14 16 17 24
7 10 20 23
8 9 15 18 30
9 15 18 31
10 13 14 17 18 19 20 31
11 12 13 14 17 19 22
13 14 17 19 30
14 17 18 19 21
17 18 19 32
18 20 34
19 20 24
