70 14 11
99 133 136 140 78 136 60 185 90 132 80 73 107 47
1 3 4 4 1 3 4 1 3 2 2 4 5 2 1 5 5 5 1 3 4 1 2 4 1 2 3 2 3 4 1 4 4 5 3 3 2 3 3 3 2 3 1 3 2 3 3 4 4 1 2 1 1 1 4 3 4 2 4 2 2 5 4 5 1 2 4 4 5 2
22 28 29 32 26 35 20 38 19 37 17 24 31 12
35 47 52 33 72 44 44 16 51 41 60 51 66 48
35 64 12 60 13 41 32 67 50 37 16 12 5 58
49 60 22 59 7 38 48 71 43 35 11 26 13 52
26 37 21 29 39 18 33 35 29 13 26 23 34 33
12 70 39 58 59 55 15 49 65 50 53 35 51 68
43 61 16 59 5 38 41 69 45 35 10 20 6 54
33 64 10 59 15 41 30 66 50 36 17 10 7 57
15 75 31 65 47 56 6 61 66 50 45 26 39 71
45 27 51 14 69 31 54 7 35 31 55 53 65 30
47 36 58 23 77 41 57 3 45 40 64 59 72 40
52 22 37 25 44 8 58 44 5 13 30 42 44 14
50 28 32 30 38 10 55 48 11 13 25 38 38 20
15 54 13 45 34 33 17 47 44 28 26 11 26 49
8 56 20 47 40 38 13 45 48 32 33 17 33 52
44 34 24 34 31 12 48 49 18 11 17 30 31 27
59 22 42 29 48 15 64 49 6 20 34 48 48 14
13 49 22 38 43 31 21 37 42 26 33 21 36 45
13 74 35 63 53 56 8 57 67 51 49 30 45 71
35 49 53 35 74 46 45 17 53 43 62 52 67 50
34 45 11 42 22 22 36 52 31 18 9 16 19 39
24 53 45 39 66 45 34 26 54 41 56 44 59 53
10 71 32 61 50 53 5 55 64 48 46 27 42 68
18 79 40 68 56 61 12 60 72 56 54 34 48 76
7 54 28 43 49 39 17 38 49 34 41 26 42 52
25 38 34 26 53 27 34 23 36 23 41 34 48 36
8 62 21 52 40 42 8 50 53 37 35 16 32 58
30 44 46 31 66 39 40 17 47 36 55 46 60 45
48 13 43 8 57 14 56 27 15 17 42 47 54 11
58 4 52 10 64 21 66 31 17 25 49 56 62 8
24 39 20 31 39 20 30 35 31 15 27 22 34 35
20 44 35 32 55 33 30 25 42 29 44 34 49 43
22 52 6 45 27 30 23 50 40 25 19 7 21 47
9 70 33 59 51 53 7 53 64 47 47 28 43 67
46 24 50 11 68 29 55 10 32 29 54 52 64 27
57 5 49 12 60 18 64 33 13 23 46 53 59 4
50 17 38 19 48 7 57 38 5 12 34 43 47 10
64 23 48 32 51 21 70 53 11 26 39 53 53 16
38 29 26 25 39 6 44 38 17 1 24 30 36 23
37 33 46 19 65 31 47 9 37 30 52 47 60 34
9 56 19 46 39 37 13 45 48 31 32 16 32 52
57 6 49 14 59 17 65 35 11 22 45 53 58 2
54 48 28 50 21 29 55 66 31 28 14 34 25 41
51 11 43 12 55 12 58 32 10 16 40 47 53 7
51 29 32 32 37 11 55 49 12 14 24 38 38 22
44 21 47 8 63 24 53 15 28 24 49 49 59 23
30 45 47 32 67 40 40 17 48 37 56 46 61 46
18 70 21 61 35 49 11 61 59 43 34 15 27 65
61 26 43 34 45 18 66 53 11 23 33 48 47 19
37 41 51 28 71 40 47 10 46 38 59 51 65 43
37 24 34 15 50 14 45 25 21 12 36 37 47 22
26 38 36 25 56 29 36 20 37 25 44 37 50 37
69 14 56 27 63 26 76 48 15 31 49 61 63 12
11 65 39 52 59 51 18 43 61 46 52 35 51 63
49 29 31 31 37 9 54 48 12 12 23 36 37 21
62 11 51 22 58 19 69 43 9 25 45 55 58 6
55 37 32 40 32 19 58 58 20 21 21 38 34 29
10 71 33 60 51 54 6 54 64 48 47 28 43 68
31 40 45 27 65 36 41 14 43 33 52 45 59 41
46 48 20 47 18 26 47 61 31 24 6 26 20 40
8 69 29 58 47 50 3 53 61 45 43 24 39 65
7 60 21 50 41 41 9 48 52 35 35 17 33 56
16 76 33 66 48 57 7 62 68 52 47 27 40 72
29 47 7 42 24 24 31 50 34 19 13 12 19 41
24 46 9 40 29 25 27 46 35 19 18 12 23 41
34 51 7 48 17 28 35 57 37 24 7 13 13 45
28 40 15 34 32 18 33 42 28 13 19 19 28 34
35 58 8 54 13 35 33 63 44 31 11 11 7 52
31 47 8 42 23 24 33 51 33 19 11 13 19 41
37 40 16 37 26 17 40 49 26 13 12 21 24 34
57 44 33 48 28 26 59 64 27 27 19 38 32 36
0 6 39
1 3 5 8 13 22
2 4 10 11 12 29
3 5 7 8 13 25
4 10 12 35
5 8 9 13 33
6 11 28
8 9 13 25
9 13 20
10 11 12 32
11 12 36
