60 18 14
151 73 64 80 80 121 127 96 128 139 55 71 124 52 102 159 56 89
3 1 2 1 1 5 4 4 5 1 1 5 1 5 2 2 5 5 4 4 4 3 2 3 3 4 4 4 4 2 4 4 3 3 1 5 3 4 5 4 5 1 2 1 5 4 2 2 1 2 4 3 5 1 5 4 5 4 3 2
38 24 21 18 22 37 39 24 27 28 11 17 33 11 24 34 18 24
10 42 24 28 17 12 29 25 37 12 16 35 39 11 27 23 9 31
26 15 24 37 19 35 40 26 32 24 43 34 33 35 11 26 29 34
12 44 6 48 10 16 11 42 16 31 34 13 18 33 35 3 30 49
20 50 11 56 18 22 6 50 13 39 40 8 15 41 43 9 38 57
33 58 22 69 30 34 15 62 14 51 52 11 14 53 53 21 51 70
7 39 7 42 4 14 17 35 21 24 30 19 23 28 29 6 24 43
3 42 12 40 9 9 17 34 25 22 25 22 27 24 30 10 21 41
33 70 46 42 43 26 42 47 58 36 14 54 60 24 54 44 30 48
15 39 27 22 20 18 35 19 41 6 17 39 43 9 23 27 4 25
21 52 13 58 20 22 5 52 14 40 41 9 15 42 45 11 40 59
4 38 12 37 6 12 21 31 25 19 26 24 28 23 26 11 19 38
20 32 8 49 11 28 24 40 13 32 43 15 15 39 28 11 34 47
32 28 39 14 32 37 51 2 51 13 34 51 53 23 13 40 18 9
34 50 47 11 40 34 53 20 61 18 20 59 63 14 34 47 16 18
18 49 10 54 16 19 6 48 15 37 38 10 16 38 41 8 36 55
25 18 28 29 21 33 42 17 38 17 38 39 39 29 4 29 22 25
42 50 54 8 46 43 61 20 67 24 29 66 69 22 35 54 23 15
26 16 25 34 19 34 40 23 34 21 41 35 35 33 8 27 26 30
24 18 24 33 18 32 39 21 34 19 39 35 35 31 8 26 24 29
40 4 36 44 33 48 52 32 41 35 56 44 42 47 17 39 40 38
35 48 48 8 40 36 55 18 61 18 23 60 64 16 32 48 17 16
19 55 33 32 28 14 33 34 46 22 5 42 48 12 39 31 17 37
9 34 9 39 1 17 22 31 22 21 31 21 24 27 24 10 22 39
6 47 19 38 16 2 20 35 31 22 19 28 34 20 34 17 19 41
36 6 35 37 30 44 51 25 42 29 50 44 43 41 11 37 34 31
38 52 51 11 43 38 57 22 64 22 23 62 66 17 36 50 20 19
34 16 27 49 25 43 42 38 29 36 54 33 30 47 22 30 40 45
33 53 21 69 28 36 19 61 9 51 55 8 8 54 51 21 51 68
25 59 39 31 34 20 38 35 52 25 3 49 54 13 43 37 19 38
30 14 32 29 26 38 47 17 42 20 42 43 43 32 2 34 26 24
21 21 19 37 14 30 34 27 28 22 40 29 30 32 14 21 26 34
15 40 1 49 9 20 15 41 13 31 37 11 15 35 33 2 32 49
12 38 2 46 6 18 16 39 16 28 35 14 18 33 30 3 29 46
17 56 30 37 27 10 28 38 42 25 11 38 44 17 41 28 20 42
28 39 14 59 20 34 24 50 5 42 51 10 6 48 38 16 44 58
24 64 26 58 29 18 13 55 32 42 33 27 33 38 53 24 39 61
25 16 24 35 19 34 39 24 32 22 42 34 34 34 10 26 27 32
29 61 43 30 38 24 43 36 56 26 6 53 58 14 44 42 21 37
40 44 51 3 43 42 60 14 64 21 31 63 66 22 29 51 21 9
30 62 44 32 39 25 43 37 57 28 7 54 59 16 46 42 22 38
38 51 50 10 43 38 57 21 64 21 24 62 66 17 35 50 19 18
15 38 1 48 8 21 17 40 13 30 38 12 15 35 31 4 31 48
25 47 12 60 20 29 14 52 5 42 47 0 6 46 43 12 43 60
28 36 14 58 19 34 25 48 8 41 51 13 9 48 36 16 43 56
28 40 14 60 21 34 23 51 4 43 51 9 5 49 39 16 44 59
30 61 44 30 39 26 44 36 57 27 7 54 59 14 45 43 21 37
23 42 36 16 28 24 42 17 49 8 16 47 51 5 26 35 4 20
34 8 31 41 27 43 47 29 36 30 51 39 38 42 14 33 35 36
19 47 33 22 27 19 37 24 47 13 9 44 49 2 31 32 7 27
24 18 25 31 19 32 40 20 35 18 39 36 37 30 7 27 23 28
18 40 31 20 23 20 37 18 44 6 16 42 46 6 24 30 1 23
31 70 43 47 40 23 36 50 53 38 17 49 55 28 55 40 33 53
32 12 33 31 27 40 48 19 42 22 44 43 43 35 4 35 28 26
9 49 21 38 18 1 21 36 33 23 17 30 35 19 36 19 20 42
10 44 24 29 18 10 28 27 37 14 14 35 40 11 29 23 10 32
31 54 19 67 27 33 15 59 10 49 51 7 10 52 50 18 49 67
11 49 25 33 20 7 26 32 38 19 12 35 40 14 34 23 15 37
38 47 50 5 43 40 58 17 64 20 27 62 66 19 32 50 20 13
25 59 20 62 26 24 5 57 21 45 42 16 21 45 51 18 44 64
28 20 21 47 19 37 36 36 24 32 49 27 25 42 21 23 36 43
0 2 4 5 15 16 31
1 14 28
2 4 6 8 11 12 15 30
3 7 9 16 17 33
4 5 15 26
5 6 10 15 36
6 8 11 15 31
7 9 14 16 17 23
8 11 12 15 27
9 13 14 16 17 32
10 13 16 29
11 12 15 31
12 15 32
13 16 35
