60 18 12
43 141 119 167 114 141 149 98 75 102 117 78 127 91 90 123 138 120
2 5 3 3 2 1 1 2 3 5 2 2 4 4 3 2 1 1 3 2 4 1 1 3 4 1 2 3 2 5 3 1 4 1 3 5 2 2 2 1 4 5 3 5 2 3 4 2 5 4 1 2 5 5 1 4 5 4 4 5
12 38 32 39 36 32 38 25 15 24 34 17 31 30 18 38 34 38
59 54 49 38 13 38 37 32 38 35 50 33 38 15 19 34 57 42
50 22 8 13 38 31 25 24 35 30 2 22 25 56 36 34 20 33
41 44 52 40 21 25 28 26 23 24 50 40 47 10 32 21 49 28
57 34 13 8 26 33 27 22 37 30 15 5 9 47 20 34 34 37
60 47 36 26 9 35 32 26 37 32 37 18 22 28 4 33 49 40
61 37 11 12 30 38 32 27 41 35 15 9 8 51 23 38 36 41
47 28 19 7 19 22 17 11 26 19 18 11 19 38 19 22 29 26
55 35 17 9 21 31 26 20 34 28 19 3 10 42 16 31 35 35
69 50 28 24 24 45 40 33 48 41 32 13 9 45 13 43 50 49
57 48 41 30 6 34 32 26 35 31 42 24 29 21 11 31 51 38
66 50 34 26 17 41 37 30 43 37 36 16 17 36 5 39 51 45
67 46 23 20 25 42 37 31 45 39 27 9 4 46 15 41 46 46
41 13 17 16 38 24 19 21 28 24 11 27 32 54 39 28 11 25
27 1 31 28 43 19 18 23 22 21 26 39 45 54 48 24 6 18
64 42 16 16 29 41 35 30 44 38 20 8 3 51 21 41 41 44
2 27 55 47 50 23 28 34 20 26 50 56 63 49 59 25 32 18
23 21 39 29 29 3 9 14 1 6 35 36 44 34 38 4 26 4
26 8 30 23 35 11 9 15 14 13 25 34 40 45 41 16 13 11
28 37 52 41 30 18 23 25 15 19 49 45 53 23 41 15 42 19
10 19 47 39 45 17 21 27 15 20 41 49 56 47 53 20 24 12
43 47 55 43 23 28 31 29 26 27 53 43 50 8 35 24 52 31
8 22 49 41 44 16 21 28 14 20 44 50 57 45 53 19 27 12
45 52 61 48 28 33 36 35 31 32 59 49 55 9 39 28 57 35
49 49 52 40 17 30 32 28 29 28 51 38 45 5 28 26 53 34
31 18 29 19 25 7 1 5 11 5 25 27 34 36 31 9 21 11
33 40 53 41 27 21 26 26 18 21 50 44 52 18 39 17 45 23
6 22 51 44 49 21 26 32 20 25 46 54 61 51 58 24 27 17
54 39 29 18 9 29 25 18 31 25 30 13 19 30 8 27 41 33
57 31 2 11 36 36 30 27 40 34 7 16 17 56 31 38 29 39
63 42 21 16 23 39 33 27 42 35 24 5 4 45 14 38 42 43
62 45 28 20 16 37 32 26 40 33 30 10 13 37 6 35 46 41
46 41 41 29 8 24 24 19 25 21 40 27 34 16 19 20 44 28
53 32 16 6 21 29 23 17 32 25 17 6 13 42 18 29 32 32
42 27 25 13 16 18 13 6 21 14 23 17 24 33 20 17 29 22
14 14 42 36 44 16 19 25 16 19 37 46 53 49 51 20 19 12
40 44 52 40 22 25 28 26 23 23 50 41 48 11 34 20 48 27
25 19 36 26 28 0 6 11 4 4 32 34 41 35 36 4 24 4
55 35 19 10 19 31 25 19 34 27 20 3 11 40 14 30 36 35
4 26 55 48 52 25 29 36 23 28 49 57 64 53 61 27 30 20
46 45 49 37 15 27 28 25 26 25 47 36 42 8 26 23 49 30
32 16 27 17 26 9 3 6 13 7 23 26 33 38 32 11 20 12
64 50 36 28 14 40 36 30 42 36 38 18 21 32 4 37 52 44
32 32 43 31 21 13 16 16 11 11 40 35 42 22 32 8 36 16
60 52 45 35 10 37 36 30 38 34 46 28 33 20 14 34 55 42
77 58 36 32 29 52 47 41 54 48 40 21 17 48 17 50 59 56
58 43 29 20 12 34 30 23 36 30 30 11 16 33 4 32 44 38
20 8 37 31 42 16 16 23 17 18 31 42 48 50 48 20 13 13
48 51 56 44 22 32 34 32 31 31 55 43 49 3 33 28 55 35
59 53 49 38 12 37 36 31 37 34 49 32 37 15 19 33 56 41
56 56 56 45 20 38 39 35 37 36 56 41 46 6 29 34 60 42
42 24 22 10 19 17 12 6 21 14 20 16 24 36 22 18 26 21
41 13 17 17 39 26 21 22 29 25 11 28 33 55 40 29 11 26
39 18 19 10 27 17 11 9 21 15 15 20 27 42 29 19 19 20
43 42 47 34 15 24 25 22 23 22 45 34 41 11 26 19 46 27
62 47 32 23 14 37 34 27 40 34 34 14 17 34 2 35 48 42
35 26 33 21 17 11 9 6 13 7 30 26 33 28 26 8 30 15
43 18 14 9 32 23 17 16 27 21 9 21 26 49 32 25 17 25
47 29 22 10 16 22 17 11 25 19 21 12 20 35 17 21 31 26
66 48 29 23 19 41 37 30 44 38 32 12 12 40 8 40 49 45
54 26 20 28 53 42 37 38 45 41 17 37 39 71 52 45 21 42
1 5 6 16 17 35
2 3 10 11 12 30
3 7 10 11 12 22
4 14 26
5 6 7 8 9 15 17 40
6 7 8 9 15 17 24
7 8 9 15 17 27
8 9 15 17 36
9 15 17 36
11 12 14 22
12 14 39
15 17 24
