60 12 9
60 150 82 162 84 107 48 67 110 193 160 95
4 1 5 5 4 1 4 1 1 5 2 4 3 3 1 2 3 1 4 3 5 3 5 5 2 5 5 5 4 3 3 1 2 4 4 3 3 1 4 5 4 2 3 1 4 1 2 4 2 3 5 2 4 4 3 5 3 3 2 3
15 34 19 35 27 35 15 18 33 39 32 30
20 28 47 23 34 18 44 40 17 30 28 47
16 52 50 29 24 42 49 66 17 58 7 51
33 4 34 23 36 7 30 18 33 10 42 32
12 27 39 15 25 16 37 41 10 32 21 40
33 21 50 31 44 17 46 30 31 20 42 49
17 48 37 23 12 39 38 62 21 56 12 39
17 36 24 12 2 29 24 49 22 44 20 25
26 48 28 24 11 41 30 60 31 56 25 30
39 21 14 25 32 24 10 26 42 27 47 12
32 20 47 29 42 15 44 29 29 19 41 47
6 35 42 17 22 24 40 49 2 40 13 43
38 45 68 45 54 37 65 54 34 44 43 68
19 55 53 32 27 45 53 69 19 61 10 54
38 3 31 26 38 13 27 13 38 9 47 29
14 43 33 18 8 34 34 57 18 51 12 35
8 33 30 8 9 23 29 47 12 40 14 31
17 21 25 4 17 13 22 35 19 28 26 25
29 8 35 21 34 4 31 22 29 13 39 34
41 6 38 31 44 15 34 11 40 2 50 37
46 17 24 32 41 25 20 17 47 21 54 22
17 40 27 15 2 32 28 53 21 48 17 29
20 25 19 6 14 18 17 37 23 32 27 19
27 44 23 22 11 38 25 56 31 52 27 25
15 24 26 2 15 15 24 37 17 31 23 26
3 33 35 11 15 23 34 47 6 40 12 36
45 9 39 35 47 20 35 5 45 5 55 37
7 35 43 18 23 24 41 49 3 40 14 44
28 44 62 38 45 35 60 56 24 46 32 62
35 1 33 25 38 10 29 15 35 8 45 32
22 28 16 9 12 23 15 40 25 36 28 17
16 51 45 27 20 41 46 65 18 58 7 47
50 14 38 39 50 25 34 3 51 12 59 36
31 16 45 27 40 12 41 27 30 16 40 44
28 10 36 21 34 4 33 23 28 14 38 35
31 13 42 26 39 10 38 24 30 14 41 41
32 46 21 25 16 41 23 57 36 54 32 23
22 58 54 35 29 48 54 72 22 64 13 56
25 34 54 30 40 25 51 46 21 36 31 54
15 50 46 26 20 40 46 65 16 57 5 47
32 6 27 20 32 9 23 19 33 14 41 26
28 9 33 19 32 2 30 23 28 14 37 33
46 11 33 34 45 22 29 7 47 12 55 31
11 47 47 25 22 37 47 62 12 53 4 48
47 12 34 35 46 22 30 6 47 12 56 32
37 34 60 39 50 28 57 42 33 32 44 60
44 19 20 30 38 25 16 21 46 24 52 18
28 44 21 22 12 38 23 56 33 52 29 23
30 46 23 24 13 40 25 57 34 54 30 25
16 24 39 16 27 13 36 37 14 28 25 39
13 24 29 5 17 14 27 38 15 30 22 29
40 40 8 28 25 39 12 48 44 48 43 10
50 14 37 38 49 25 33 4 50 12 59 35
49 16 30 35 46 26 26 12 50 18 57 28
22 38 21 16 6 32 22 51 27 46 24 22
2 35 36 12 15 24 35 49 6 41 11 37
20 43 27 18 5 35 28 56 24 50 19 29
40 24 11 25 31 26 7 29 42 30 46 9
24 58 48 33 23 48 49 72 26 65 15 50
17 35 50 25 33 25 47 48 13 38 23 50
14 32 25 7 6 24 24 46 17 40 18 26
0 3 4 8 10 25
1 5 7 9 26
2 6 11 27
3 4 5 8 33
4 10 38
5 9 32
6 11 27
7 9 27
8 10 40
