70 14 10
74 60 62 58 153 41 133 111 83 74 129 51 49 67
4 4 1 2 5 1 4 4 4 1 4 2 1 2 5 5 1 4 1 4 1 1 4 2 1 3 3 2 2 3 1 4 5 5 4 2 3 1 4 1 2 2 5 4 3 1 3 1 4 3 3 4 1 2 1 5 4 3 4 5 1 2 1 3 1 5 5 4 1 4
21 20 15 18 38 10 30 25 21 17 35 16 10 19
13 42 47 32 39 3 34 26 19 17 42 16 21 23
14 29 56 45 49 21 47 41 1 28 46 27 39 37
15 42 52 37 44 7 39 31 16 22 46 21 25 28
41 69 40 20 32 31 23 16 52 29 45 29 13 21
45 74 52 32 44 32 35 26 53 36 56 36 15 30
13 20 50 44 45 26 45 41 11 26 39 26 43 36
18 41 26 14 18 21 15 13 33 4 22 5 22 7
39 68 64 44 56 24 47 37 40 38 63 37 23 37
19 29 60 50 54 26 52 47 4 33 50 32 44 42
29 22 31 38 31 42 37 40 39 29 18 30 50 35
27 54 60 42 51 14 45 35 26 30 56 29 24 33
10 28 33 26 27 22 27 25 24 11 23 11 32 20
46 68 25 14 20 42 14 18 60 32 35 32 28 23
41 37 23 38 27 52 36 43 53 36 13 38 56 39
34 55 19 2 11 32 2 9 48 19 25 20 23 11
40 70 55 34 46 26 37 27 47 34 56 33 13 30
24 11 42 44 40 39 43 44 30 30 29 31 51 39
29 32 21 29 21 40 27 32 42 24 7 25 44 28
20 24 59 52 54 30 53 48 9 34 49 34 48 43
19 13 52 48 48 33 49 47 17 32 40 31 49 41
40 47 7 25 13 47 22 32 55 30 8 32 46 30
11 23 35 31 30 25 31 30 23 16 24 16 36 25
25 55 42 22 33 13 25 15 35 18 41 17 5 15
26 18 35 39 34 40 38 41 35 29 21 29 50 36
34 62 41 20 32 23 23 13 44 24 43 23 5 17
34 63 59 39 50 19 42 32 37 33 58 32 18 32
32 61 42 21 34 21 25 14 42 23 44 22 2 17
34 59 29 8 21 28 11 5 47 20 33 20 15 11
29 57 37 16 29 20 20 9 40 18 39 18 5 12
42 67 31 14 24 36 16 14 56 29 38 29 21 19
37 67 51 30 42 23 33 23 45 30 52 29 9 25
10 27 51 42 45 20 43 38 6 24 42 24 38 33
8 27 49 40 43 19 41 36 8 22 40 22 36 31
9 39 41 27 34 7 29 22 20 11 35 10 21 18
30 55 27 6 18 26 9 2 44 17 30 17 16 7
49 57 7 27 16 54 24 34 64 37 18 39 49 34
33 33 20 31 22 43 29 35 45 28 7 29 47 31
39 62 25 8 18 35 10 11 53 25 32 26 22 16
39 61 21 7 14 36 7 12 53 25 29 25 25 16
17 35 25 19 19 24 19 20 32 8 18 9 29 14
37 44 9 24 12 45 21 30 52 28 5 29 44 27
27 39 15 18 11 34 16 22 42 17 9 18 35 18
40 67 69 50 61 26 53 43 38 42 67 40 29 42
45 66 24 13 19 41 13 17 59 30 34 31 28 21
9 38 40 26 32 9 28 22 21 10 34 9 21 17
49 77 47 28 40 38 31 24 59 38 53 37 19 30
45 68 26 14 21 41 14 17 59 31 35 32 27 22
42 52 1 22 9 47 18 29 57 31 13 32 43 28
60 87 51 35 45 50 37 34 71 48 60 48 32 39
48 50 14 34 22 56 31 40 62 39 14 40 55 38
18 15 52 47 48 31 48 45 15 31 40 30 48 40
16 45 38 22 30 9 24 16 27 10 35 9 14 13
63 89 52 37 46 53 38 35 74 50 61 50 34 41
26 56 46 26 38 13 30 19 34 21 45 20 7 19
34 41 12 24 13 42 21 29 48 25 1 26 42 26
6 36 42 29 35 9 31 25 17 12 35 11 24 20
8 38 38 25 31 10 27 21 21 9 33 7 22 16
39 67 69 49 60 25 52 42 38 41 66 40 28 42
13 35 54 42 48 15 44 37 6 25 46 24 34 33
31 24 31 39 31 45 37 42 42 31 17 32 52 37
42 38 22 38 27 53 35 43 54 37 13 38 56 39
3 27 41 33 35 18 34 30 16 15 32 15 32 25
22 20 33 35 31 36 35 37 32 24 20 25 45 31
28 4 55 54 52 43 54 54 27 39 42 39 58 48
35 63 39 18 31 25 22 12 46 24 42 23 7 16
37 36 20 33 23 48 31 38 50 31 8 33 51 34
36 61 29 9 21 30 12 7 49 22 34 22 16 13
41 70 45 24 37 30 28 19 51 31 49 30 11 24
18 22 57 50 52 29 51 47 9 33 46 32 47 42
43 72 48 27 40 31 31 22 53 34 52 33 13 26
0 5 8 9 11 13 38
2 3 4 6 10 40
3 4 6 7 9 11 12 13 28
4 6 7 9 10 13 31
5 8 9 11 12 13 26
6 7 9 10 11 13 27
7 9 11 12 13 30
9 11 12 13 31
11 12 13 29
12 13 31
